100
777 886 84
335 793 16
649 492 87
27 362 22
763 59 91
426 540 27
211 736 73
429 567 69
862 530 83
135 67 24
22 802 30
167 69 59
11 456 94
373 229 43
784 919 22
324 198 38
413 370 16
980 91 27
862 873 57
281 996 71
84 925 6
505 336 28
313 729 47
895 124 58
814 545 83
364 434 68
87 750 44
178 276 9
403 584 89
399 754 52
676 60 33
12 739 69
94 586 27
570 795 40
467 378 35
902 97 2
652 492 18
280 301 57
865 441 87
619 444 90
31 729 41
771 97 18
709 675 82
856 567 28
586 353 98
683 306 66
528 624 20
829 732 72
270 19 4
715 708 69
796 149 41
245 618 24
921 451 47
488 379 56
841 228 65
500 193 51
124 764 35
856 987 15
227 491 44
936 859 66
437 551 33
407 275 29
858 121 75
237 29 96
818 793 36
11 143 29
776 529 29
763 443 5
606 538 14
818 904 41
369 688 29
996 917 18
470 743 25
499 490 84
644 725 73
139 505 91
669 786 55
464 542 83
355 507 98
611 348 5
299 828 23
568 746 44
311 422 41
801 605 11
878 730 62
736 320 6
522 626 45
416 708 66
924 258 83
624 62 38
452 36 1
550 379 100
973 71 69
930 881 32
660 894 34
981 199 64
959 996 100
668 813 74
926 95 91
340 84 67
