200
777 886 44
335 793 56
649 492 47
27 362 2
763 59 51
426 540 47
211 736 53
429 567 9
862 530 3
135 67 44
22 802 30
167 69 19
11 456 14
373 229 23
784 919 22
324 198 38
413 370 36
980 91 47
862 873 57
281 996 51
84 925 46
505 336 28
313 729 47
895 124 18
814 545 43
364 434 28
87 750 4
178 276 49
403 584 9
399 754 12
676 60 13
12 739 49
94 586 47
570 795 60
467 378 15
902 97 22
652 492 58
280 301 57
865 441 27
619 444 30
31 729 41
771 97 38
709 675 22
856 567 8
586 353 18
683 306 6
528 624 60
829 732 52
270 19 4
715 708 49
796 149 41
245 618 24
921 451 27
488 379 36
841 228 45
500 193 51
124 764 15
856 987 35
227 491 4
936 859 26
437 551 53
407 275 29
858 121 55
237 29 56
818 793 16
11 143 9
776 529 49
763 443 5
606 538 54
818 904 41
369 688 49
996 917 58
470 743 45
499 490 24
644 725 53
139 505 31
669 786 15
464 542 3
355 507 38
611 348 5
299 828 3
568 746 4
311 422 41
801 605 11
878 730 2
736 320 6
522 626 5
416 708 6
924 258 43
624 62 58
452 36 1
550 379 60
973 71 9
930 881 12
660 894 14
981 199 4
959 996 60
668 813 34
926 95 51
340 84 27
376 684 11
107 936 43
179 756 46
412 887 19
659 172 29
210 336 10
206 587 43
372 713 22
819 255 2
904 721 20
940 811 20
228 705 48
984 150 48
224 920 59
396 269 23
84 630 2
672 972 53
385 625 51
640 299 3
713 898 3
524 190 39
581 209 51
732 336 40
4 994 56
273 769 60
255 850 57
579 142 41
205 993 5
504 567 42
754 961 14
944 259 7
506 202 23
842 21 45
189 528 49
958 908 53
808 36 19
303 248 14
648 133 14
567 754 31
529 368 7
788 46 21
990 249 18
363 33 44
892 253 18
152 125 7
188 975 17
436 729 58
921 414 1
28 304 1
748 50 8
794 902 17
43 699 58
428 2 60
681 500 4
159 538 48
134 535 12
215 692 20
629 504 28
285 964 50
335 343 50
238 900 58
289 949 12
292 988 48
144 743 36
682 390 10
569 541 21
261 232 27
117 360 43
81 761 4
425 190 10
677 367 57
626 690 55
614 57 5
358 205 9
100 386 33
994 726 7
578 552 17
290 946 50
51 970 48
593 631 1
312 627 38
355 214 47
412 90 33
969 610 40
355 274 10
433 620 42
338 888 28
284 770 47
606 417 57
237 849 41
217 59 46
783 945 19
873 458 14
483 289 18
757 478 8
729 471 35
618 459 1
388 25 59
157 233 55
358 493 2
