500
777 886 24
335 793 36
649 492 27
27 362 22
763 59 11
426 540 7
211 736 13
429 567 9
862 530 23
135 67 4
22 802 10
167 69 19
11 456 34
373 229 3
784 919 22
324 198 18
413 370 36
980 91 7
862 873 37
281 996 11
84 925 26
505 336 8
313 729 7
895 124 18
814 545 23
364 434 8
87 750 4
178 276 9
403 584 29
399 754 12
676 60 13
12 739 9
94 586 27
570 795 20
467 378 35
902 97 2
652 492 38
280 301 37
865 441 7
619 444 10
31 729 1
771 97 38
709 675 2
856 567 8
586 353 18
683 306 6
528 624 20
829 732 32
270 19 24
715 708 9
796 149 21
245 618 4
921 451 7
488 379 36
841 228 5
500 193 31
124 764 35
856 987 35
227 491 24
936 859 6
437 551 33
407 275 29
858 121 35
237 29 36
818 793 36
11 143 29
776 529 9
763 443 5
606 538 14
818 904 1
369 688 9
996 917 38
470 743 5
499 490 24
644 725 13
139 505 31
669 786 35
464 542 3
355 507 38
611 348 5
299 828 23
568 746 24
311 422 21
801 605 11
878 730 22
736 320 26
522 626 5
416 708 26
924 258 3
624 62 38
452 36 1
550 379 20
973 71 29
930 881 12
660 894 14
981 199 4
959 996 20
668 813 14
926 95 31
340 84 27
376 684 11
107 936 23
179 756 6
412 887 19
659 172 29
210 336 10
206 587 23
372 713 22
819 255 2
904 721 40
940 811 20
228 705 28
984 150 8
224 920 19
396 269 23
84 630 2
672 972 13
385 625 11
640 299 23
713 898 3
524 190 19
581 209 31
732 336 20
4 994 36
273 769 20
255 850 17
579 142 21
205 993 5
504 567 22
754 961 14
944 259 7
506 202 3
842 21 25
189 528 29
958 908 33
808 36 19
303 248 34
648 133 14
567 754 11
529 368 27
788 46 21
990 249 38
363 33 24
892 253 18
152 125 7
188 975 37
436 729 38
921 414 21
28 304 21
748 50 28
794 902 37
43 699 18
428 2 40
681 500 4
159 538 8
134 535 32
215 692 20
629 504 8
285 964 10
335 343 30
238 900 18
289 949 12
292 988 8
144 743 36
682 390 30
569 541 21
261 232 27
117 360 3
81 761 24
425 190 30
677 367 37
626 690 35
614 57 5
358 205 9
100 386 33
994 726 27
578 552 37
290 946 10
51 970 8
593 631 1
312 627 18
355 214 7
412 90 33
969 610 40
355 274 30
433 620 2
338 888 28
284 770 7
606 417 17
237 849 21
217 59 6
783 945 39
873 458 34
483 289 38
757 478 8
729 471 35
618 459 21
388 25 39
157 233 35
358 493 2
417 699 31
363 569 40
173 794 23
462 431 8
292 390 3
115 57 32
574 157 2
951 947 12
537 21 32
30 54 21
81 325 19
2 516 37
796 139 32
580 338 5
970 21 19
379 812 23
536 685 18
483 176 25
857 759 8
911 499 25
236 950 8
105 818 1
244 49 4
934 805 32
955 375 12
768 589 15
805 918 34
982 822 3
93 30 38
593 126 15
543 253 7
713 814 35
762 377 20
919 88 16
294 732 31
235 346 18
153 691 18
328 573 24
710 291 6
836 217 19
90 55 4
904 130 19
633 661 12
73 789 6
805 851 5
503 868 11
195 6 6
120 949 40
763 226 8
981 596 38
36 560 26
518 770 36
532 342 12
321 379 37
172 984 31
40 234 28
398 72 4
347 63 31
573 30 31
522 59 35
82 924 8
204 232 36
898 443 35
278 640 7
262 262 40
848 41 4
272 324 4
335 154 3
365 457 22
776 171 28
701 218 30
933 653 24
728 959 28
720 797 7
334 308 5
376 991 19
52 715 19
559 189 12
16 10 27
539 109 25
109 378 1
114 81 14
426 989 19
223 147 28
532 231 28
875 281 3
590 179 11
131 350 15
494 857 14
603 81 22
982 433 1
415 487 22
404 825 17
551 892 3
134 32 18
415 506 22
595 708 18
297 962 40
154 776 4
587 309 18
21 382 13
860 563 27
685 211 3
930 285 7
314 583 31
820 116 37
528 525 13
490 525 40
618 360 17
928 337 4
310 621 23
225 888 36
437 570 16
722 8 14
657 350 24
126 827 18
651 71 30
528 910 30
888 398 40
577 393 11
199 976 11
87 931 33
657 99 18
17 952 7
368 735 2
195 184 19
266 805 17
528 954 29
278 593 29
672 555 38
0 445 15
283 997 6
382 127 13
334 693 22
421 334 40
957 985 40
762 761 35
716 541 13
662 850 13
217 399 3
15 173 35
364 851 27
491 263 31
537 37 13
871 828 20
856 987 1
970 341 31
511 665 33
361 517 30
112 351 4
638 506 21
489 364 28
104 154 33
141 679 36
969 538 13
956 170 37
649 760 5
314 465 15
183 886 7
535 969 40
393 621 33
109 289 31
264 673 32
295 548 16
833 313 38
355 949 39
468 793 36
933 960 37
171 286 24
140 677 39
761 181 6
50 323 31
75 954 21
624 42 5
289 919 20
238 469 5
383 976 32
343 133 20
981 956 25
11 666 36
192 912 8
868 902 10
174 2 12
216 718 8
487 377 24
957 573 33
933 125 23
418 496 38
726 153 22
393 980 35
305 948 6
559 29 31
562 160 19
280 719 25
10 902 2
583 726 1
708 140 30
557 938 4
710 431 14
690 905 21
638 391 14
667 421 31
180 671 30
899 95 24
154 88 25
232 569 27
373 710 10
663 433 31
94 279 28
351 499 10
742 464 20
515 86 11
186 915 30
634 11 2
722 387 14
643 773 8
354 742 40
139 124 5
418 63 20
269 712 34
733 404 26
819 734 40
87 435 36
450 669 14
837 802 8
610 89 3
704 960 6
829 557 32
892 816 4
605 522 22
361 579 4
447 378 9
882 45 21
551 899 28
353 386 30
794 948 27
107 506 37
664 417 13
480 820 2
354 994 7
933 437 4
312 317 5
709 17 12
608 156 6
995 745 30
295 171 23
801 559 10
571 652 37
743 925 21
89 91 13
878 566 8
196 50 13
213 333 5
370 499 27
115 568 35
639 342 22
198 263 38
202 939 31
128 631 34
571 804 18
138 683 27
540 495 26
226 972 22
725 158 35
645 952 37
339 446 33
603 883 32
542 825 22
174 339 17
330 596 25
13 294 28
860 519 38
832 292 11
990 279 37
295 635 34
741 107 39
976 570 18
801 584 21
492 800 4
440 496 10
735 763 20
606 873 25
251 523 5
530 751 30
165 704 20
625 302 27
547 591 40
131 484 8
931 919 2
427 528 14
543 819 15
768 123 22
643 639 28
394 988 39
98 680 1
752 18 7
695 98 24
179 505 11
98 66 23
978 472 26
