800
777 886 14
335 793 26
649 492 17
27 362 2
763 59 21
426 540 17
211 736 23
429 567 9
862 530 3
135 67 14
22 802 30
167 69 19
11 456 14
373 229 23
784 919 22
324 198 8
413 370 6
980 91 17
862 873 27
281 996 21
84 925 16
505 336 28
313 729 17
895 124 18
814 545 13
364 434 28
87 750 4
178 276 19
403 584 9
399 754 12
676 60 13
12 739 19
94 586 17
570 795 30
467 378 15
902 97 22
652 492 28
280 301 27
865 441 27
619 444 30
31 729 11
771 97 8
709 675 22
856 567 8
586 353 18
683 306 6
528 624 30
829 732 22
270 19 4
715 708 19
796 149 11
245 618 24
921 451 27
488 379 6
841 228 15
500 193 21
124 764 15
856 987 5
227 491 4
936 859 26
437 551 23
407 275 29
858 121 25
237 29 26
818 793 16
11 143 9
776 529 19
763 443 5
606 538 24
818 904 11
369 688 19
996 917 28
470 743 15
499 490 24
644 725 23
139 505 1
669 786 15
464 542 3
355 507 8
611 348 5
299 828 3
568 746 4
311 422 11
801 605 11
878 730 2
736 320 6
522 626 5
416 708 6
924 258 13
624 62 28
452 36 1
550 379 30
973 71 9
930 881 12
660 894 14
981 199 4
959 996 30
668 813 4
926 95 21
340 84 27
376 684 11
107 936 13
179 756 16
412 887 19
659 172 29
210 336 10
206 587 13
372 713 22
819 255 2
904 721 20
940 811 20
228 705 18
984 150 18
224 920 29
396 269 23
84 630 2
672 972 23
385 625 21
640 299 3
713 898 3
524 190 9
581 209 21
732 336 10
4 994 26
273 769 30
255 850 27
579 142 11
205 993 5
504 567 12
754 961 14
944 259 7
506 202 23
842 21 15
189 528 19
958 908 23
808 36 19
303 248 14
648 133 14
567 754 1
529 368 7
788 46 21
990 249 18
363 33 14
892 253 18
152 125 7
188 975 17
436 729 28
921 414 1
28 304 1
748 50 8
794 902 17
43 699 28
428 2 30
681 500 4
159 538 18
134 535 12
215 692 20
629 504 28
285 964 20
335 343 20
238 900 28
289 949 12
292 988 18
144 743 6
682 390 10
569 541 21
261 232 27
117 360 13
81 761 4
425 190 10
677 367 27
626 690 25
614 57 5
358 205 9
100 386 3
994 726 7
578 552 17
290 946 20
51 970 18
593 631 1
312 627 8
355 214 17
412 90 3
969 610 10
355 274 10
433 620 12
338 888 28
284 770 17
606 417 27
237 849 11
217 59 16
783 945 19
873 458 14
483 289 18
757 478 8
729 471 5
618 459 1
388 25 29
157 233 25
358 493 2
417 699 11
363 569 20
173 794 23
462 431 8
292 390 13
115 57 2
574 157 12
951 947 12
537 21 22
30 54 21
81 325 9
2 516 17
796 139 22
580 338 5
970 21 19
379 812 13
536 685 28
483 176 25
857 759 18
911 499 5
236 950 18
105 818 11
244 49 4
934 805 22
955 375 2
768 589 25
805 918 4
982 822 23
93 30 18
593 126 15
543 253 7
713 814 25
762 377 30
919 88 6
294 732 21
235 346 18
153 691 8
328 573 24
710 291 16
836 217 19
90 55 24
904 130 9
633 661 12
73 789 16
805 851 25
503 868 11
195 6 16
120 949 30
763 226 8
981 596 28
36 560 26
518 770 6
532 342 22
321 379 17
172 984 21
40 234 18
398 72 4
347 63 11
573 30 1
522 59 15
82 924 28
204 232 16
898 443 5
278 640 7
262 262 20
848 41 4
272 324 14
335 154 13
365 457 22
776 171 28
701 218 10
933 653 14
728 959 18
720 797 27
334 308 25
376 991 29
52 715 19
559 189 12
16 10 27
539 109 5
109 378 1
114 81 4
426 989 19
223 147 8
532 231 8
875 281 3
590 179 1
131 350 5
494 857 4
603 81 12
982 433 21
415 487 12
404 825 17
551 892 23
134 32 28
415 506 22
595 708 8
297 962 20
154 776 4
587 309 18
21 382 13
860 563 7
685 211 13
930 285 17
314 583 1
820 116 17
528 525 13
490 525 20
618 360 27
928 337 24
310 621 13
225 888 26
437 570 6
722 8 24
657 350 4
126 827 28
651 71 30
528 910 10
888 398 10
577 393 11
199 976 1
87 931 23
657 99 28
17 952 17
368 735 12
195 184 9
266 805 7
528 954 29
278 593 9
672 555 28
0 445 25
283 997 6
382 127 23
334 693 12
421 334 20
957 985 30
762 761 15
716 541 23
662 850 13
217 399 3
15 173 25
364 851 7
491 263 21
537 37 3
871 828 30
856 987 21
970 341 11
511 665 13
361 517 30
112 351 24
638 506 21
489 364 28
104 154 23
141 679 16
969 538 3
956 170 17
649 760 5
314 465 5
183 886 7
535 969 10
393 621 13
109 289 1
264 673 2
295 548 16
833 313 18
355 949 9
468 793 6
933 960 27
171 286 14
140 677 29
761 181 16
50 323 21
75 954 21
624 42 5
289 919 20
238 469 5
383 976 2
343 133 30
981 956 25
11 666 16
192 912 18
868 902 30
174 2 2
216 718 18
487 377 24
957 573 23
933 125 23
418 496 28
726 153 22
393 980 15
305 948 26
559 29 21
562 160 29
280 719 5
10 902 12
583 726 11
708 140 20
557 938 14
710 431 24
690 905 21
638 391 24
667 421 11
180 671 10
899 95 4
154 88 5
232 569 7
373 710 30
663 433 1
94 279 8
351 499 30
742 464 30
515 86 11
186 915 30
634 11 22
722 387 4
643 773 28
354 742 10
139 124 25
418 63 10
269 712 24
733 404 6
819 734 10
87 435 6
450 669 4
837 802 18
610 89 13
704 960 6
829 557 2
892 816 14
605 522 12
361 579 24
447 378 19
882 45 1
551 899 8
353 386 20
794 948 27
107 506 27
664 417 3
480 820 2
354 994 7
933 437 24
312 317 15
709 17 12
608 156 6
995 745 20
295 171 3
801 559 20
571 652 27
743 925 11
89 91 3
878 566 28
196 50 13
213 333 15
370 499 7
115 568 15
639 342 12
198 263 18
202 939 21
128 631 24
571 804 18
138 683 27
540 495 16
226 972 2
725 158 15
645 952 17
339 446 13
603 883 12
542 825 2
174 339 17
330 596 5
13 294 8
860 519 28
832 292 11
990 279 27
295 635 14
741 107 29
976 570 28
801 584 1
492 800 4
440 496 30
735 763 30
606 873 15
251 523 5
530 751 30
165 704 20
625 302 27
547 591 10
131 484 8
931 919 12
427 528 14
543 819 25
768 123 2
643 639 28
394 988 29
98 680 11
752 18 7
695 98 4
179 505 21
98 66 23
978 472 16
797 966 14
272 547 29
912 86 7
900 877 10
932 197 4
951 35 24
49 498 8
906 861 5
325 3 25
797 428 15
115 633 14
14 381 11
100 897 6
329 408 18
879 313 30
914 316 25
765 775 6
626 930 27
629 616 13
409 752 20
395 515 17
776 428 4
26 613 28
786 62 11
100 763 10
416 397 29
544 982 6
826 320 11
794 565 19
546 134 30
62 853 29
842 686 14
807 534 13
869 834 1
984 815 17
382 324 27
716 451 16
37 343 12
602 861 28
88 360 12
941 620 30
628 924 14
162 708 26
996 870 3
811 466 14
487 515 21
290 332 25
633 693 1
494 880 20
854 213 4
475 444 3
751 738 24
811 873 12
681 168 16
499 683 24
14 535 8
346 769 25
391 72 28
623 411 11
836 57 8
281 439 24
371 114 21
596 418 12
764 883 15
800 697 8
335 674 8
457 490 24
529 949 13
292 690 14
349 629 18
140 422 26
255 43 9
25 766 10
260 653 17
957 220 23
983 287 5
826 721 21
127 205 18
169 728 19
798 227 21
221 563 21
616 883 11
382 223 8
35 511 23
608 563 4
895 768 3
968 660 29
173 9 7
254 887 24
481 57 24
396 929 4
280 942 5
855 209 23
366 854 18
281 759 25
401 973 23
413 171 19
422 899 19
661 755 15
71 780 11
0 603 24
942 0 21
504 12 23
358 759 18
117 894 6
90 636 9
614 626 11
865 937 14
620 421 29
400 863 20
4 786 23
356 458 14
368 410 8
128 569 22
374 446 2
10 605 19
989 165 22
926 490 8
699 238 13
562 0 16
348 832 8
807 17 2
569 497 30
139 128 19
585 470 29
542 280 3
707 533 15
550 400 24
788 485 2
140 190 1
325 647 15
694 461 24
191 630 23
320 520 4
142 538 15
422 930 23
308 685 5
708 780 25
545 802 5
87 522 25
735 157 16
548 492 13
530 986 7
51 49 21
589 956 23
872 448 15
557 482 29
337 576 19
139 220 8
14 5 5
523 282 13
15 236 30
353 884 28
754 724 20
710 236 11
158 242 13
641 23 5
569 111 2
790 260 11
147 955 13
781 89 7
17 958 30
901 375 7
978 674 12
566 377 26
161 669 27
536 833 5
999 906 18
260 316 8
567 570 30
8 486 27
966 277 28
693 435 7
719 946 8
96 212 28
117 540 15
950 674 26
208 802 22
525 851 21
447 690 23
934 676 2
563 795 30
351 931 16
297 320 1
861 688 21
401 974 17
428 69 25
582 52 17
433 682 26
123 277 23
151 790 20
946 960 16
229 447 10
549 628 13
589 528 30
563 876 4
984 990 27
36 759 15
71 384 7
700 238 10
490 539 15
450 775 26
250 926 2
878 428 23
758 579 15
634 944 4
977 711 20
736 257 26
472 34 23
710 595 6
249 632 6
376 467 8
302 601 29
82 963 21
14 227 9
958 433 27
669 554 1
927 659 8
313 801 26
260 718 28
892 335 20
712 443 22
313 353 18
628 513 3
856 551 17
641 699 1
195 481 10
854 889 1
8 736 20
726 704 13
414 733 26
857 364 28
210 724 22
723 738 25
626 834 14
325 945 2
806 366 15
47 456 20
784 826 26
840 860 4
573 155 3
290 695 19
366 946 16
104 863 28
290 408 1
235 161 9
601 555 4
410 144 22
588 291 12
448 447 6
956 681 16
651 329 1
949 834 13
164 901 1
572 43 5
733 811 26
640 256 3
136 859 7
428 510 29
875 297 7
556 924 5
885 125 11
71 319 14
324 880 6
367 896 10
530 203 25
786 746 20
645 594 11
508 852 29
805 698 27
730 344 14
207 947 22
878 200 9
758 107 20
7 179 14
210 175 13
308 904 3
902 626 1
106 485 7
804 123 7
501 637 22
448 410 14
0 69 13
108 150 2
287 556 2
462 328 19
718 983 2
345 423 20
182 861 5
657 807 13
294 911 30
57 744 21
126 137 19
628 760 29
184 141 27
865 882 6
848 833 20
623 444 29
485 310 26
644 283 10
