20000000
13000000
11000000
41000000
22000000
21000000
15000000
0
29000000
0
86000000
0
39000000
30000000
91000000
81000000
63000000
34000000
5000000
9000000
0
71000000
3000000
23000000
93000000
46000000
9000000
32000000
0
3000000
114000000
41000000
35000000
8000000
0
49000000
0
5000000
47000000
13000000
0
9000000
0
17000000
18000000
43000000
70000000
23000000
0
12000000
63000000
48000000
10000000
75000000
58000000
0
18000000
19000000
98000000
29000000
23000000
6000000
0
7000000
49000000
50000000
48000000
31000000
0
45000000
69628000
65342000
78538000
74250000
87447000
76901000
53839000
49552000
62747000
58459000
71630000
61090000
74280000
63740000
106930000
72650000
55530000
75300000
88480000
84210000
25400000
39900000
52300000
65500000
85000000
68200000
63800000
77100000
96700000
49800000
6655000
16382000
11718000
