5
18000000
27000000
20000000
14000000
5000000
5
6000000
16000000
24000000
13000000
14000000
5
18000000
11000000
29000000
12000000
23000000
5
6000000
30000000
3000000
11000000
3000000
5
18000000
25000000
7000000
10000000
12000000
5
6000000
14000000
11000000
3000000
21000000
5
17000000
10000000
15000000
3000000
24000000
5
5000000
29000000
19000000
2000000
3000000
5
17000000
24000000
23000000
1000000
12000000
5
5000000
13000000
27000000
30000000
21000000
5
17000000
8000000
2000000
29000000
30000000
5
5000000
27000000
6000000
29000000
9000000
5
17000000
22000000
10000000
22000000
12000000
5
5000000
11000000
14000000
21000000
21000000
5
17000000
6000000
18000000
20000000
30000000
5
5000000
25000000
22000000
19000000
10000000
5
16000000
21000000
26000000
19000000
19000000
5
4000000
10000000
30000000
18000000
28000000
5
22000000
5000000
4000000
17000000
1000000
5
4000000
24000000
9000000
10000000
10000000
5
22000000
19000000
13000000
9000000
19000000
5
4000000
14000000
17000000
8000000
28000000
5
22000000
3000000
21000000
8000000
7000000
5
4000000
29000000
25000000
7000000
16000000
5
22000000
17000000
29000000
6000000
19000000
5
3000000
13000000
3000000
5000000
28000000
5
21000000
2000000
7000000
28000000
7000000
5
3000000
27000000
12000000
27000000
17000000
5
21000000
16000000
16000000
27000000
26000000
5
3000000
11000000
20000000
26000000
5000000
5
21000000
30000000
24000000
25000000
14000000
5
3000000
25000000
28000000
24000000
17000000
5
21000000
14000000
2000000
24000000
26000000
5
3000000
10000000
6000000
16000000
5000000
5
21000000
29000000
10000000
16000000
14000000
5
2000000
24000000
15000000
15000000
23000000
5
20000000
13000000
19000000
14000000
2000000
5
2000000
8000000
23000000
13000000
5000000
5
20000000
27000000
27000000
13000000
14000000
5
2000000
22000000
1000000
12000000
24000000
5
20000000
11000000
5000000
11000000
3000000
5
2000000
6000000
9000000
4000000
12000000
5
20000000
25000000
13000000
3000000
21000000
5
1000000
21000000
17000000
2000000
24000000
5
19000000
16000000
22000000
2000000
3000000
5
1000000
5000000
26000000
1000000
12000000
5
19000000
30000000
30000000
30000000
21000000
5
1000000
19000000
4000000
29000000
30000000
5
19000000
14000000
8000000
22000000
9000000
5
1000000
3000000
12000000
21000000
19000000
5
19000000
28000000
16000000
21000000
21000000
5
30000000
17000000
20000000
20000000
1000000
5
19000000
13000000
25000000
19000000
10000000
5
7000000
2000000
29000000
18000000
19000000
5
18000000
27000000
3000000
18000000
28000000
5
6000000
16000000
7000000
10000000
7000000
5
18000000
11000000
11000000
10000000
10000000
5
6000000
30000000
15000000
9000000
19000000
5
18000000
25000000
19000000
8000000
28000000
5
6000000
14000000
23000000
7000000
7000000
5
18000000
10000000
28000000
7000000
16000000
5
6000000
29000000
2000000
6000000
25000000
5
17000000
24000000
6000000
29000000
28000000
5
5000000
13000000
10000000
28000000
7000000
5
17000000
8000000
14000000
27000000
17000000
5
5000000
27000000
18000000
26000000
26000000
5
17000000
22000000
22000000
26000000
5000000
5
5000000
11000000
26000000
25000000
14000000
5
17000000
6000000
30000000
24000000
17000000
5
5000000
2000000
5000000
17000000
26000000
5
16967000
21091000
9236000
16737000
5597000
5
4983000
16326000
13357000
15955000
14721000
5
16740000
5302000
17477000
15173000
23846000
5
4756000
30536000
21597000
14391000
2970000
5
16514000
19513000
25717000
13609000
12094000
5
4530000
14747000
29837000
12827000
14960000
5
16287000
3724000
3957000
5787000
24084000
5
4303000
28958000
8078000
5005000
3208000
5
16061000
17934000
12198000
4222000
12332000
5
4076000
13169000
16318000
3440000
21456000
5
15830000
2140000
20430000
2650000
30580000
5
3850000
27380000
24550000
1870000
3440000
5
15600000
16350000
28670000
1090000
12570000
5
3620000
11590000
2790000
24050000
21690000
5
15380000
30560000
6910000
23270000
30810000
5
3390000
25800000
11030000
22490000
9940000
5
15150000
14770000
15150000
21700000
19060000
5
3170000
10010000
19270000
20920000
21930000
5
14920000
28980000
23390000
20140000
1050000
5
2940000
24220000
27510000
19360000
10180000
5
20900000
13100000
1600000
12300000
19300000
5
2700000
8400000
5700000
11500000
28400000
5
20700000
3600000
9800000
10700000
7500000
5
2400000
22600000
14000000
9900000
16600000
5
20500000
17800000
18100000
9100000
19500000
5
2200000
6800000
22200000
8400000
28600000
5
20200000
2000000
26300000
7600000
7700000
5
2000000
21000000
30400000
6800000
16900000
5
20000000
16300000
4600000
29800000
26000000
5
1800000
5200000
8700000
29000000
5100000
15
6655000
16432000
24946000
13282000
14873000
3278000
27616000
25633000
21546000
18347000
16405000
17762000
14259000
16357000
5180000
15
18412000
11666000
29066000
12500000
23997000
23011000
15855000
11862000
11827000
26670000
4716000
23419000
6471000
1796000
10152000
15
6428000
30642000
3186000
11718000
3121000
12744000
4095000
28090000
25850000
4993000
16768000
5334000
28683000
17236000
15124000
0
