7
10 10 14
2 40 3 6 4 5 7 9 10 11 12 14 15 20 16 19 23 25 26 27 28 35 30 31 32 34 37 39
10 10 13
2 3 4 6 8 31 11 13 14 29 15 18 16 17 20 23 24 25 26 27 34 37 35 36 39 40
10 10 14
2 3 4 6 8 31 11 13 14 29 15 18 16 17 20 23 24 25 26 27 34 37 35 36 39 40 33 38
10 10 15
2 8 4 7 5 6 11 13 14 17 15 16 19 22 20 21 24 25 26 27 28 29 31 32 33 35 36 39 37 38
10 10 14
2 4 6 19 7 8 10 14 12 13 16 18 21 22 24 25 26 27 28 29 30 31 33 37 35 36 38 39
10 10 13
4 5 6 7 8 9 10 15 13 14 16 17 21 30 22 25 23 24 27 28 33 40 35 36 38 39
10 10 15
1 14 3 4 6 7 9 13 10 11 15 16 17 19 20 28 23 25 26 27 29 35 30 31 32 33 36 37 38 39
