24
1 10 1
20 10
1 10 2
21 13 8 17
1 10 2
17 11 13 1
1 10 2
8 6 20 18
1 10 2
8 4 19 10
1 10 2
3 8 19 9
1 100 1
154 91
1 100 2
61 50 133 125
1 100 2
100 196 113 26
1 100 2
25 52 117 14
1 100 2
40 68 199 20
1 100 2
178 13 34 100
1 1000 1
661 1128
1 1000 2
1706 226 863 1524
1 1000 2
1619 631 726 18
1 1000 2
848 716 1734 1504
1 1000 2
779 305 1034 169
1 1000 2
1843 289 77 1033
1 10000 1
8943 19265
1 10000 2
2647 7445 3804 15891
1 10000 2
6730 4369 15351 15007
1 10000 2
11100 4392 3549 19630
1 10000 2
12624 4083 19955 18757
1 10000 2
11841 4967 7377 13932
