12
10 10 6
20 28 21 26 8 14 17 18 1 7 4 5
10 10 6
10 17 8 9 22 27 19 21 14 15 11 13
10 10 6
3 30 10 22 17 21 8 9 18 20 1 2
10 10 6
12 14 5 11 15 23 18 22 8 9 19 21
10 10 6
15 33 3 14 21 32 11 12 7 8 17 20
10 10 6
3 25 18 21 6 13 1 2 7 9 19 20
100 100 66
120 387 12 93 127 188 63 83 180 184 8 10 167 168 33 62 85 91 174 175 59 60 114 118 48 51 151 152 72 79 136 138 22 27 194 343 81 82 176 178 29 31 202 294 106 109 200 201 5 6 101 104 52 55 70 71 40 42 98 99 20 21 2 3 111 113 133 134 153 164 172 173 43 45 89 90 182 183 64 68 148 149 154 162 170 171 158 161 165 166 189 191 25 26 155 156 53 54 198 199 142 143 129 132 145 146 66 67 124 126 17 19 87 88 94 95 186 187 130 131 14 16 102 103 116 117 56 57 140 141 107 108
100 100 66
105 292 23 25 142 165 49 58 127 129 33 43 84 89 97 103 100 102 31 32 149 158 2 8 183 231 192 222 173 182 171 172 19 20 162 164 195 221 45 48 200 211 73 74 154 157 60 72 202 210 107 111 77 83 98 99 134 141 9 17 53 56 137 139 79 80 69 70 34 36 118 119 14 15 11 13 115 116 185 191 125 126 155 156 123 124 130 132 135 136 5 6 54 55 176 181 174 175 143 145 150 153 146 147 179 180 93 95 197 199 166 167 168 169 66 67 21 22 37 40 61 65 189 190 26 28 113 114 151 152 46 47
100 100 66
111 185 60 72 122 146 23 55 11 13 125 140 48 50 178 182 192 383 19 21 70 71 27 47 78 80 9 10 73 74 176 177 52 53 45 46 99 103 151 163 174 175 157 160 62 65 143 145 68 69 93 94 187 188 194 204 198 199 2 7 106 108 135 137 164 165 149 150 83 84 15 17 5 6 116 119 133 134 87 89 200 203 171 173 169 170 147 148 100 102 40 43 123 124 91 92 158 159 126 130 138 139 29 36 95 98 113 115 189 191 57 58 31 32 104 105 3 4 85 86 180 181 109 110 195 197 128 129 96 97 25 26
100 100 66
63 288 190 197 40 53 119 175 198 210 79 113 54 61 137 143 101 107 81 88 8 24 51 52 82 84 116 117 97 98 21 23 5 6 71 75 14 15 144 159 44 45 149 150 42 43 73 74 93 96 188 189 152 158 128 130 103 105 120 121 201 204 56 60 180 181 108 110 86 87 164 168 33 37 199 200 64 70 30 32 186 187 34 35 170 174 114 115 10 13 131 132 122 124 138 142 46 47 155 156 111 112 135 136 68 69 183 185 48 49 17 18 202 203 178 179 161 162 27 28 194 196 3 4 77 78 125 126 65 66 165 166
100 100 66
18 361 82 173 78 81 79 80 128 169 20 33 59 77 43 50 86 113 5 10 191 292 39 41 137 147 110 112 144 145 139 143 157 168 57 58 196 214 47 48 36 38 74 75 16 17 102 108 116 126 193 195 160 161 28 29 69 73 187 190 119 122 181 186 155 156 8 9 62 65 105 106 98 101 166 167 22 27 129 133 71 72 3 4 177 179 67 68 163 164 87 89 148 152 6 7 200 213 92 93 63 64 171 172 117 118 34 35 90 91 141 142 1 2 94 96 153 154 158 159 123 124 184 185 55 56 174 175 44 45 197 199
100 100 66
151 370 143 148 117 135 119 127 51 58 69 86 174 323 165 169 155 164 83 85 5 19 31 37 65 66 99 100 23 24 12 16 61 64 45 49 176 253 108 113 52 54 194 233 120 126 97 98 141 142 184 186 80 81 92 95 72 79 41 44 76 78 200 211 21 22 56 57 128 134 170 171 138 140 146 147 32 34 106 107 1 2 196 199 7 11 144 145 130 132 29 30 115 116 122 124 179 181 104 105 158 159 201 204 101 103 67 68 42 43 14 15 190 193 17 18 152 154 59 60 109 112 202 203 166 167 188 189 74 75 197 198
