6
100 100 157
1 2 3 4 6 8 10 12 14 24 15 16 17 18 19 22 20 21 25 26 28 31 29 30 32 33 34 37 35 36 38 40 42 252 43 44 45 46 47 48 50 52 54 55 56 65 58 61 59 60 62 64 66 67 68 69 70 73 71 72 74 77 75 76 78 80 82 97 83 94 85 87 89 90 91 93 95 96 98 99 101 105 103 104 106 140 107 109 110 112 113 114 115 118 116 117 119 135 120 121 122 124 125 133 126 127 128 132 129 131 136 137 138 139 141 142 143 161 145 146 147 150 148 149 151 155 153 154 156 157 159 160 163 164 165 166 167 184 168 169 170 173 171 172 175 180 177 178 182 183 186 187 189 190 191 194 192 193 196 204 197 201 202 203 206 207 208 209 210 211 212 215 213 214 216 217 219 220 222 234 224 225 227 229 230 233 231 232 236 242 237 239 240 241 243 244 245 247 248 249 250 251 254 268 256 258 259 261 263 265 266 267 270 271 273 274 276 277 279 323 280 281 282 283 284 285 286 287 289 291 293 301 294 295 296 297 298 299 303 305 307 308 309 314 311 313 315 316 317 318 319 322 320 321 324 326 327 328 330 333 331 332 335 381 336 337 338 340 342 359 344 345 346 347 348 353 349 350 351 352 355 356 357 358 360 361 362 364 365 367 368 369 370 375 372 373 377 378 379 380 382 383 384 386 387 389 390 391 392 397 394 395 398 399
100 100 155
2 4 5 7 8 9 10 181 12 16 14 15 18 20 21 66 22 27 24 26 28 29 30 41 32 33 35 37 38 40 42 46 44 45 47 54 48 50 52 53 55 56 58 60 62 64 67 68 70 71 72 73 75 90 77 89 78 79 80 85 81 82 83 84 87 88 91 92 93 99 94 95 96 98 100 101 102 122 105 106 107 115 109 111 112 113 116 118 119 121 124 125 126 127 129 130 132 134 135 136 137 138 139 142 140 141 143 144 145 149 146 147 150 151 153 161 154 155 156 157 159 160 162 166 163 164 168 174 169 170 172 173 176 177 178 179 182 183 184 185 186 187 189 191 192 199 193 198 194 195 196 197 201 228 205 206 207 208 209 212 210 211 213 214 215 227 217 218 220 224 222 223 225 226 230 232 233 238 234 235 236 237 239 240 241 242 243 269 244 245 246 249 247 248 250 251 252 259 253 256 254 255 257 258 260 261 262 263 264 266 267 268 271 272 274 277 275 276 278 279 280 355 281 282 284 287 285 286 288 290 292 301 293 299 295 296 297 298 304 306 308 319 310 313 311 312 314 315 317 318 320 334 321 322 323 330 325 326 328 329 331 332 336 341 337 338 339 340 343 344 345 346 348 353 349 350 351 352 356 360 357 358 361 367 363 364 365 366 368 379 370 371 372 377 374 375 381 382 383 385 386 388 389 390 391 392 394 396 397 399
100 100 164
1 2 4 17 5 6 7 14 9 11 12 13 15 16 18 19 20 277 21 22 23 26 24 25 27 29 31 32 33 134 35 86 37 38 40 41 42 75 43 45 47 48 49 50 52 70 53 54 55 59 56 58 61 64 62 63 65 66 68 69 72 74 76 77 79 81 82 85 83 84 87 88 89 90 91 107 92 103 93 99 95 97 100 102 104 106 109 115 110 111 112 113 116 117 118 119 120 131 121 122 124 125 126 130 128 129 132 133 135 146 136 142 137 138 140 141 143 145 147 149 150 152 153 154 155 156 157 167 159 160 161 164 162 163 165 166 169 170 171 172 173 174 175 181 176 177 178 180 182 184 185 186 187 188 189 192 190 191 193 194 195 217 196 197 201 204 202 203 205 206 208 209 211 213 214 216 219 221 222 223 225 227 228 229 230 231 233 269 234 236 237 254 238 248 239 246 240 245 241 242 243 244 249 253 251 252 255 259 257 258 260 265 261 264 262 263 266 268 270 271 272 275 273 274 279 282 280 281 283 284 285 291 286 287 288 290 293 294 295 296 298 302 300 301 303 304 305 309 306 307 310 311 312 399 313 315 316 317 318 320 321 324 322 323 325 329 327 328 330 331 332 376 333 334 335 353 336 337 339 342 340 341 343 346 344 345 348 349 351 352 354 355 356 364 357 359 360 361 362 363 365 366 367 369 370 371 372 375 373 374 378 379 381 382 384 385 386 388 389 390 391 396 392 393 394 395 397 398
100 100 159
1 2 3 9 4 6 7 8 11 12 14 15 16 17 18 19 20 21 23 60 25 26 28 29 31 32 34 36 37 38 39 45 40 42 43 44 46 47 48 50 52 57 53 54 55 56 58 59 61 62 63 64 66 67 69 92 71 72 73 74 75 76 77 80 78 79 82 83 84 88 85 86 90 91 93 94 95 96 97 118 99 100 103 109 104 105 107 108 111 112 113 116 114 115 120 121 122 123 125 134 126 130 128 129 132 133 135 138 136 137 139 150 141 145 142 144 147 148 151 152 153 182 154 155 157 162 158 159 160 161 164 170 165 166 167 168 172 173 174 176 177 178 180 181 184 185 187 188 189 199 191 196 192 193 194 195 197 198 200 201 202 205 206 207 208 239 210 212 213 223 214 215 216 217 218 220 221 222 225 234 226 229 227 228 230 231 232 233 236 238 240 322 242 243 244 245 246 286 247 248 249 251 252 262 254 255 256 257 258 259 260 261 263 264 265 266 268 269 270 284 271 272 273 278 274 277 275 276 280 281 282 283 287 288 289 290 291 306 292 298 294 295 296 297 300 305 302 304 307 310 308 309 311 312 313 314 315 316 318 319 320 321 324 325 326 377 327 332 328 330 333 334 336 356 338 339 340 341 342 344 345 349 346 347 351 352 354 355 358 360 361 364 362 363 365 366 368 369 370 372 373 375 378 379 380 381 383 390 385 387 388 389 392 396 393 395 397 399
100 100 155
2 3 4 5 6 26 7 8 9 13 11 12 14 15 16 18 19 22 20 21 24 25 27 28 29 32 30 31 33 57 35 40 37 38 42 43 44 46 48 49 51 52 53 55 59 64 60 61 62 63 66 95 67 79 68 70 71 76 72 74 77 78 80 81 82 83 85 86 88 91 89 90 92 93 96 97 98 100 103 116 104 105 106 107 108 113 110 111 114 115 118 120 121 123 125 141 127 128 129 140 131 132 133 134 135 137 138 139 143 145 146 147 148 149 150 152 153 180 154 155 157 158 159 160 161 166 163 165 168 169 171 172 173 179 175 177 182 194 183 184 185 190 186 187 188 189 191 192 195 201 196 198 203 205 206 207 208 222 209 210 211 212 213 216 214 215 217 221 218 220 224 229 225 228 226 227 231 233 234 237 235 236 239 243 241 242 245 246 248 306 250 254 251 252 256 266 258 263 259 262 260 261 264 265 268 269 271 272 274 286 275 276 277 283 278 281 279 280 284 285 287 289 290 292 293 294 296 297 298 303 299 301 304 305 307 311 308 310 312 314 315 321 317 319 322 323 324 332 326 327 328 330 333 334 335 345 336 337 338 341 339 340 343 344 347 348 349 350 351 356 353 354 358 364 359 360 361 362 366 367 368 369 370 373 371 372 374 375 376 379 377 378 380 381 383 385 386 387 388 389 390 391 392 393 394 395 396 398 399 400
100 100 157
3 4 5 7 8 19 9 17 10 13 11 12 15 16 21 22 23 24 25 27 28 81 29 32 30 31 34 35 37 42 38 39 40 41 43 47 44 45 49 61 50 51 52 54 55 56 57 58 59 60 62 63 64 65 66 68 69 71 72 73 74 80 75 76 78 79 83 110 85 88 86 87 90 91 92 94 96 98 101 104 102 103 106 107 108 109 112 115 113 114 116 195 117 118 119 154 120 122 124 126 127 128 129 130 131 135 133 134 137 138 139 141 142 143 145 146 147 148 149 150 152 153 156 157 159 160 161 162 164 166 168 174 169 170 172 173 176 179 177 178 180 181 182 187 184 186 188 193 189 190 191 192 196 201 198 199 204 205 206 208 209 210 212 240 213 215 217 220 218 219 222 223 224 225 227 238 228 229 230 232 233 234 235 236 242 245 243 244 246 247 248 250 251 253 254 255 257 343 258 260 261 264 262 263 265 266 267 342 268 269 270 271 272 273 274 275 277 278 279 280 282 286 284 285 287 290 288 289 291 292 293 322 294 295 296 297 298 303 299 301 304 305 306 316 308 309 311 314 312 313 318 319 320 321 324 326 328 331 329 330 332 333 334 335 336 338 340 341 345 351 346 347 349 350 352 362 353 358 355 356 360 361 364 365 367 368 369 381 371 378 372 373 374 375 376 377 379 380 382 383 384 385 386 388 389 390 391 392 393 395 396 400 397 399
